 3.000000e+02 5.597531e-01	 -4.633037e-01	 7.266181e-01	 -6.914003e-01	 
 5.000000e+02 7.596236e-01	 -3.683277e-01	 8.442116e-01	 -4.514801e-01	 
 1.000000e+03 8.772490e-01	 -2.012912e-01	 9.000467e-01	 -2.255529e-01	 
 1.500000e+03 8.926925e-01	 -1.377455e-01	 9.032573e-01	 -1.530960e-01	 
 1.600000e+03 8.963806e-01       -1.317598e-01   9.060126e-01    -1.459458e-01

 2.000000e+03 8.975168e-01	 -1.111094e-01	 9.043681e-01	 -1.231697e-01	 
 2.500000e+03 9.022286e-01	 -9.767990e-02	 9.075009e-01	 -1.078451e-01	 
 3.000000e+03 9.073975e-01	 -8.930191e-02	 9.117813e-01	 -9.809952e-02	 
 3.500000e+03 9.124988e-01	 -8.308283e-02	 9.162733e-01	 -9.079944e-02	 
 4.000000e+03 9.171765e-01	 -7.797296e-02	 9.204849e-01	 -8.481020e-02	 
 4.500000e+03 9.213020e-01	 -7.357509e-02	 9.242352e-01	 -7.969078e-02	 
 5.000000e+03 9.248789e-01	 -6.972043e-02	 9.275031e-01	 -7.524099e-02	 
 5.500000e+03 9.279681e-01	 -6.631836e-02	 9.303348e-01	 -7.134491e-02	 
 6.000000e+03 9.306458e-01	 -6.330514e-02	 9.327964e-01	 -6.791818e-02	 
 6.500000e+03 9.329850e-01	 -6.062775e-02	 9.349528e-01	 -6.489131e-02	 
 7.000000e+03 9.350483e-01	 -5.823959e-02	 9.368603e-01	 -6.220475e-02	 
 7.500000e+03 9.368861e-01	 -5.609959e-02	 9.385642e-01	 -5.980736e-02	 
 8.000000e+03 9.385386e-01	 -5.417211e-02	 9.401007e-01	 -5.765566e-02	 
 8.500000e+03 9.400370e-01	 -5.242662e-02	 9.414978e-01	 -5.571309e-02	 
 9.000000e+03 9.414057e-01	 -5.083737e-02	 9.427774e-01	 -5.394915e-02	 
 9.500000e+03 9.426637e-01	 -4.938274e-02	 9.439563e-01	 -5.233854e-02	 
 1.000000e+04 9.438262e-01	 -4.804473e-02	 9.450483e-01	 -5.086031e-02	 
 1.050000e+04 9.449054e-01	 -4.680833e-02	 9.460640e-01	 -4.949712e-02	 
 1.100000e+04 9.459110e-01	 -4.566101e-02	 9.470124e-01	 -4.823456e-02	 
 1.150000e+04 9.468513e-01	 -4.459230e-02	 9.479007e-01	 -4.706059e-02	 
 1.200000e+04 9.477330e-01	 -4.359338e-02	 9.487351e-01	 -4.596513e-02	 
 
