 3.000000e+02 7.705831e-02	 -2.591014e-01	 2.703174e-01	 -1.281721e+00	 
 5.000000e+02 1.875074e-01	 -3.775952e-01	 4.215889e-01	 -1.109886e+00	 
 1.000000e+03 4.737562e-01	 -4.731121e-01	 6.695371e-01	 -7.847179e-01	 
 1.600000e+03 6.844636e-01	 -4.206905e-01	 8.034120e-01	 -5.511060e-01	 
 2.000000e+03 7.608943e-01	 -3.695566e-01	 8.458914e-01	 -4.521319e-01	 
 3.000000e+03 8.493081e-01	 -2.665709e-01	 8.901597e-01	 -3.041310e-01	 
 4.000000e+03 8.792496e-01	 -2.026049e-01	 9.022908e-01	 -2.264762e-01	 
 5.000000e+03 8.903818e-01	 -1.634849e-01	 9.052663e-01	 -1.815895e-01	 
 6.000000e+03 8.951551e-01	 -1.389392e-01	 9.058735e-01	 -1.539837e-01	 
 7.000000e+03 8.979242e-01	 -1.229755e-01	 9.063061e-01	 -1.361085e-01	 
 8.000000e+03 9.002358e-01	 -1.121324e-01	 9.071925e-01	 -1.239207e-01	 
 9.000000e+03 9.025870e-01	 -1.043902e-01	 9.086037e-01	 -1.151450e-01	 
 1.000000e+04 9.050798e-01	 -9.855800e-02	 9.104302e-01	 -1.084669e-01	 
 1.100000e+04 9.076798e-01	 -9.392785e-02	 9.125267e-01	 -1.031142e-01	 
 1.200000e+04 9.103177e-01	 -9.007592e-02	 9.147633e-01	 -9.862892e-02	 
 
 
