0	2.844
0.025	-7.268
0.05	1.896
0.075	6.636
0.1	-5.372
0.125	-1.896
0.15	1.264
0.175	0
0.2	6.32
0.225	0.948
0.25	-6.636
0.275	1.896
0.3	2.844
0.325	-1.58
0.35	-12.324
0.375	-108.072
0.4	-363.084
0.425	-513.5
0.45	-182.016
0.475	159.896
0.5	-7.584
0.525	-187.388
0.55	-138.724
0.575	-80.58
0.6	-100.804
0.625	-145.36
0.65	-36.34
0.675	55.3
0.7	-0.948
0.725	-17.38
0.75	34.76
0.775	57.196
0.8	23.068
0.825	14.852
0.85	24.016
0.875	-33.496
0.9	-55.616
0.925	-19.592
0.95	-23.068
0.975	-37.604
1	-18.644
1.025	-5.056
1.05	-21.172
1.075	-9.796
1.1	18.012
1.125	8.216
1.15	11.376
1.175	32.864
1.2	37.288
1.225	29.072
1.25	28.124
1.275	29.388
1.3	31.284
1.325	41.08
1.35	42.028
1.375	36.34
1.4	24.016
1.425	12.64
1.45	27.808
1.475	36.972
1.5	24.964
1.525	30.968
1.55	28.44
1.575	35.392
1.6	33.18
1.625	12.956
1.65	14.536
1.675	35.076
1.7	30.02
1.725	33.496
1.75	31.284
1.775	22.12
1.8	38.552
1.825	27.808
1.85	7.9
1.875	35.708
1.9	30.968
1.925	10.112
1.95	13.588
1.975	15.484
2	1.896
2.025	9.164
2.05	16.116
2.075	18.96
2.1	23.384
2.125	24.964
2.15	15.8
2.175	18.644
2.2	20.54
2.225	12.64
2.25	26.228
2.275	29.704
2.3	20.54
2.325	21.804
2.35	26.544
2.375	20.54
2.4	14.536
2.425	20.54
2.45	21.488
2.475	12.324
2.5	23.068
2.525	21.804
2.55	15.8
2.575	28.756
2.6	36.972
2.625	25.28
2.65	16.748
2.675	15.8
2.7	31.6
2.725	25.596
2.75	11.06
2.775	21.488
2.8	30.968
2.825	21.804
2.85	9.796
2.875	5.688
2.9	15.8
2.925	29.072
2.95	22.12
2.975	17.064
3	26.86
3.025	23.7
3.05	15.8
3.075	22.12
3.1	26.228
3.125	14.852
3.15	13.588
3.175	27.808
3.2	25.912
3.225	15.168
3.25	20.856
3.275	22.12
3.3	15.168
3.325	11.376
3.35	24.016
3.375	9.164
3.4	11.692
3.425	27.808
3.45	12.64
3.475	-0.948
3.5	8.848
3.525	18.012
3.55	11.06
3.575	17.38
3.6	17.064
3.625	19.908
3.65	14.536
3.675	10.744
3.7	23.068
3.725	7.9
3.75	8.216
3.775	21.488
3.8	9.48
3.825	3.16
3.85	-6.952
3.875	1.896
3.9	12.956
3.925	10.744
3.95	10.744
3.975	-0.316
4	-3.16
4.025	5.056
4.05	8.216
4.075	2.528
4.1	-6.952
4.125	2.528
4.15	6.952
4.175	-1.58
4.2	2.212
4.225	0.632
4.25	-7.268
4.275	-2.212
4.3	10.112
4.325	6.004
4.35	-10.744
4.375	-2.528
4.4	-1.58
4.425	-7.584
4.45	-6.004
4.475	0
4.5	1.896
4.525	4.424
4.55	-4.74
4.575	-6.636
4.6	6.004
4.625	-1.58
4.65	-19.592
4.675	-3.792
4.7	0.632
4.725	-11.06
4.75	-6.952
4.775	-6.952
4.8	-3.476
4.825	-5.372
4.85	-9.48
4.875	-0.316
4.9	-0.948
4.925	-3.476
4.95	-4.108
4.975	-4.108
5	0
5.025	5.056
5.05	-1.58
5.075	-18.328
5.1	-9.796
5.125	8.848
5.15	-9.164
5.175	-9.796
5.2	3.16
5.225	6.004
5.25	0
5.275	-3.16
5.3	-3.476
5.325	4.108
5.35	-0.316
5.375	-4.74
5.4	5.688
5.425	16.116
5.45	0.948
5.475	-6.636
5.5	6.004
5.525	1.58
5.55	-5.372
5.575	-6.004
5.6	-4.108
5.625	-1.58
5.65	2.528
5.675	-2.212
5.7	1.896
5.725	0
5.75	-3.476
5.775	5.056
5.8	4.74
5.825	3.16
5.85	-1.58
5.875	-0.948
5.9	7.268
5.925	4.74
5.95	-0.632
5.975	1.896
6	3.16
6.025	4.74
6.05	-1.264
6.075	4.74
6.1	6.004
6.125	-1.896
6.15	-0.316
6.175	2.528
6.2	-1.264
6.225	0.948
6.25	7.584
6.275	-7.268
6.3	-1.264
6.325	1.896
6.35	-0.948
6.375	9.164
6.4	-12.324
6.425	-11.692
6.45	4.424
6.475	1.896
6.5	8.848
6.525	2.528
6.55	6.004
6.575	11.692
6.6	-9.48
6.625	0
6.65	1.264
6.675	-21.804
6.7	-2.844
6.725	4.424
6.75	-7.9
6.775	6.636
6.8	18.012
6.825	-1.896
6.85	-4.424
6.875	-2.528
6.9	-5.372
6.925	12.64
6.95	9.796
6.975	-6.32
7	-1.896
7.025	0
7.05	-0.316
7.075	-4.108
7.1	-0.632
7.125	7.584
7.15	0.316
7.175	-9.48
7.2	-4.108
7.225	-12.956
7.25	-1.58
7.275	-0.632
7.3	-9.48
7.325	8.532
7.35	0
7.375	-5.688
7.4	-3.476
7.425	-3.16
7.45	3.792
7.475	-13.272
7.5	-4.424
7.525	5.372
7.55	-15.8
7.575	-12.956
7.6	0
7.625	-0.948
7.65	-12.64
7.675	-10.744
7.7	0
7.725	-7.268
7.75	-15.168
7.775	-10.428
7.8	5.056
7.825	1.896
7.85	-22.436
7.875	-13.272
7.9	-1.264
7.925	1.58
7.95	2.844
7.975	-14.22
8	-14.536
8.025	-2.528
8.05	0.632
8.075	-2.212
8.1	-19.592
8.125	-9.796
8.15	-2.212
8.175	-8.848
8.2	-11.06
8.225	-12.324
8.25	-3.792
8.275	-7.268
8.3	-12.64
8.325	-12.008
8.35	-16.432
8.375	-7.268
8.4	-19.592
8.425	-9.796
8.45	-7.9
8.475	-27.492
8.5	-7.9
8.525	1.264
8.55	-23.7
8.575	-17.696
8.6	-8.216
8.625	-12.008
8.65	-3.476
8.675	-9.796
8.7	-19.908
8.725	-16.116
8.75	-4.74
8.775	-12.64
8.8	-6.952
8.825	-11.692
8.85	-19.592
8.875	-2.844
8.9	-8.848
8.925	-10.428
8.95	-9.48
8.975	-7.9
9	-10.428
9.025	-16.748
9.05	-4.424
9.075	-6.636
9.1	-20.54
9.125	-1.264
9.15	-11.06
9.175	-10.744
9.2	6.32
9.225	-2.528
9.25	-17.064
9.275	-7.268
9.3	-7.584
9.325	-8.848
9.35	-2.528
9.375	-8.216
9.4	-23.384
9.425	-9.48
9.45	4.108
9.475	-3.476
9.5	-7.9
9.525	-6.004
9.55	-1.58
9.575	-9.164
9.6	-0.316
9.625	-1.264
9.65	-14.852
9.675	-6.32
9.7	-3.16
9.725	-6.636
9.75	-5.372
9.775	0
9.8	0.948
9.825	-4.108
9.85	-0.948
9.875	-16.748
9.9	-14.536
9.925	0
9.95	-4.108
9.975	-11.376
10	-5.688
10.025	-1.264
10.05	-3.476
10.075	-3.792
10.1	-3.792
10.125	-2.528
10.15	-3.16
10.175	-7.9
10.2	-7.268
10.225	-6.004
10.25	-4.424
10.275	5.372
10.3	-5.688
10.325	-15.168
10.35	1.58
10.375	0.632
10.4	-18.012
10.425	-9.48
10.45	8.848
10.475	0.316
10.5	-5.056
10.525	0.632
10.55	2.844
10.575	-1.264
10.6	-4.424
10.625	-1.58
10.65	-4.74
10.675	-0.632
10.7	-9.796
10.725	-3.476
10.75	8.848
10.775	-5.056
10.8	1.58
10.825	-4.424
10.85	-2.212
10.875	0.948
10.9	-8.532
10.925	-4.108
10.95	5.056
10.975	13.588
11	-11.06
11.025	-13.904
11.05	6.32
11.075	-1.896
11.1	4.108
11.125	7.9
11.15	-1.896
11.175	-6.004
11.2	3.792
11.225	12.008
11.25	-4.424
11.275	-4.108
11.3	4.424
11.325	-6.636
11.35	-15.8
11.375	-9.796
11.4	-2.212
11.425	2.528
11.45	1.896
11.475	-6.636
11.5	3.792
11.525	0
11.55	-1.58
11.575	16.432
11.6	-3.792
11.625	-11.692
11.65	4.424
11.675	0
11.7	-5.688
11.725	-2.212
11.75	7.9
11.775	3.16
11.8	-8.532
11.825	-6.952
11.85	-2.528
11.875	-3.476
11.9	1.58
11.925	1.58
11.95	0.316
11.975	-1.58
12	0.948
12.025	1.58
12.05	3.476
12.075	0
12.1	0
12.125	10.744
12.15	3.792
12.175	1.896
12.2	0.632
12.225	-3.792
12.25	3.476
12.275	6.952
12.3	6.952
12.325	-6.004
12.35	6.636
12.375	19.908
12.4	-1.264
12.425	3.16
12.45	11.06
12.475	-1.896
12.5	7.268
12.525	9.164
12.55	-5.056
12.575	4.424
12.6	9.796
12.625	4.108
12.65	5.056
12.675	-8.216
12.7	-3.16
12.725	15.8
12.75	0.316
12.775	-7.9
12.8	13.588
12.825	1.896
12.85	-4.424
12.875	4.74
12.9	7.584
12.925	7.9
12.95	2.528
12.975	1.58
13	-7.268
13.025	-3.476
13.05	5.372
13.075	-3.792
13.1	-4.108
13.125	4.74
13.15	12.324
13.175	3.476
13.2	-5.688
13.225	4.74
13.25	8.216
13.275	3.476
13.3	4.424
13.325	6.32
13.35	0
13.375	-4.74
13.4	-1.264
13.425	0.948
13.45	-5.688
13.475	13.904
13.5	14.22
13.525	-8.216
13.55	-5.056
13.575	-1.264
13.6	5.688
13.625	12.324
13.65	6.32
13.675	-7.268
13.7	-3.16
13.725	11.06
13.75	-1.896
13.775	-2.212
13.8	13.272
13.825	11.376
13.85	0.948
13.875	3.476
13.9	5.688
13.925	0.632
13.95	-4.74
13.975	6.952
14	9.48
14.025	0.632
14.05	-0.948
14.075	1.264
14.1	2.212
14.125	-3.16
14.15	-2.844
14.175	9.796
14.2	7.9
14.225	4.74
14.25	4.108
14.275	-5.056
14.3	-12.956
14.325	-6.004
14.35	-1.58
14.375	11.692
14.4	17.064
14.425	-0.632
14.45	-7.584
14.475	-2.212
14.5	5.688
14.525	6.004
14.55	-1.264
14.575	10.112
14.6	3.792
14.625	-7.584
14.65	8.216
14.675	12.956
14.7	-1.264
14.725	-11.376
14.75	-4.108
14.775	0.948
14.8	-1.896
14.825	-7.584
14.85	-1.264
14.875	23.384
14.9	13.272
14.925	-9.48
14.95	-1.896
14.975	-2.844
15	-7.9
15.025	-3.476
15.05	-7.268
15.075	9.164
15.1	14.536
15.125	-4.108
15.15	2.528
15.175	7.584
15.2	-4.424
15.225	6.952
15.25	6.952
15.275	2.844
15.3	-2.528
15.325	-10.112
15.35	-5.372
15.375	-5.688
15.4	-12.008
15.425	3.476
15.45	10.112
15.475	-4.424
15.5	-12.324
15.525	-0.948
15.55	6.004
15.575	-2.844
15.6	0.316
15.625	5.056
15.65	3.16
15.675	-6.952
15.7	-5.372
15.725	-1.264
15.75	-1.58
15.775	1.896
15.8	0
15.825	-8.848
15.85	1.58
15.875	7.584
15.9	-12.64
15.925	4.108
15.95	10.744
15.975	-5.056
16	-1.264
16.025	3.792
16.05	3.476
16.075	3.16
16.1	-8.848
16.125	-3.476
16.15	8.532
16.175	5.372
16.2	-2.844
16.225	-10.744
16.25	-8.532
16.275	0.632
16.3	-0.316
16.325	-3.792
16.35	-6.32
16.375	10.428
16.4	11.06
16.425	-12.324
16.45	0.316
16.475	3.16
16.5	-11.376
16.525	12.008
16.55	8.848
16.575	-9.164
16.6	3.792
16.625	1.264
16.65	-2.212
16.675	11.376
16.7	-4.108
16.725	-17.696
16.75	10.112
16.775	9.164
16.8	-14.22
16.825	-2.844
16.85	2.212
16.875	5.372
16.9	1.264
16.925	7.584
16.95	6.952
16.975	0.316
17	-6.952
17.025	0.632
17.05	2.528
17.075	3.16
17.1	-1.264
17.125	-3.476
17.15	-1.264
17.175	-3.476
17.2	-5.056
17.225	-9.164
17.25	4.74
17.275	0.632
17.3	-7.9
17.325	0.632
17.35	-6.32
17.375	-2.844
17.4	3.792
17.425	5.056
17.45	-3.476
17.475	-10.428
17.5	-2.212
17.525	8.532
17.55	-0.316
17.575	0.316
17.6	1.58
17.625	-0.632
17.65	-6.952
17.675	0.948
17.7	7.9
17.725	-3.476
17.75	-6.952
17.775	5.056
17.8	-3.792
17.825	-5.056
17.85	3.16
17.875	13.272
17.9	6.952
17.925	-12.956
17.95	-10.744
17.975	8.216
18	-0.632
18.025	-5.372
18.05	2.212
18.075	-6.952
18.1	1.264
18.125	4.108
18.15	-0.316
18.175	4.108
18.2	0
18.225	-6.32
18.25	-5.372
18.275	1.264
18.3	-5.688
18.325	-0.316
18.35	5.056
18.375	-11.692
18.4	-2.528
18.425	10.112
18.45	-8.216
18.475	-10.744
18.5	2.844
18.525	3.792
18.55	7.268
18.575	4.74
18.6	1.58
18.625	-5.688
18.65	-10.112
18.675	0
18.7	4.74
18.725	-1.58
18.75	-13.588
18.775	0
18.8	3.16
18.825	-2.212
18.85	-4.424
18.875	1.264
18.9	10.428
18.925	-12.324
18.95	-15.484
18.975	6.004
19	-2.212
19.025	-9.796
19.05	7.268
19.075	-2.528
19.1	-7.584
19.125	3.476
19.15	-7.584
19.175	-15.168
19.2	0.632
19.225	17.696
19.25	4.74
19.275	-9.164
19.3	1.264
19.325	9.48
19.35	-1.58
19.375	-10.744
19.4	-8.532
19.425	7.584
19.45	8.848
19.475	4.74
19.5	-5.688
19.525	-5.056
19.55	5.688
19.575	5.688
19.6	-2.844
19.625	-12.64
19.65	4.74
19.675	7.268
19.7	-11.692
19.725	4.108
19.75	0.316
19.775	-6.004
19.8	-0.632
19.825	-2.212
19.85	-6.952
19.875	-3.16
19.9	-2.528
19.925	-9.796
19.95	-10.112
19.975	14.22
20	11.376
20.025	-2.212
20.05	1.58
20.075	7.9
20.1	-1.264
20.125	-8.532
20.15	3.792
20.175	8.216
20.2	-9.164
20.225	-11.692
20.25	1.264
20.275	3.792
20.3	7.584
20.325	0.948
20.35	-14.536
20.375	4.424
20.4	7.9
20.425	-8.848
20.45	-1.896
20.475	0.316
20.5	-1.264
20.525	2.528
20.55	-9.164
20.575	-8.532
20.6	10.112
20.625	1.264
20.65	-12.324
20.675	-6.32
20.7	-13.588
20.725	-3.476
20.75	6.004
20.775	-5.372
20.8	-10.744
20.825	2.844
20.85	-3.476
20.875	3.16
20.9	10.428
20.925	-4.108
20.95	-4.424
20.975	-6.32
21	-6.952
21.025	-7.584
21.05	-0.316
21.075	16.116
21.1	-1.58
21.125	-6.004
21.15	-1.58
21.175	-0.632
21.2	19.592
21.225	10.428
21.25	-18.328
21.275	-2.844
21.3	-5.372
21.325	-10.428
21.35	7.584
21.375	6.636
21.4	-0.632
21.425	2.844
21.45	0.948
21.475	-9.164
21.5	-6.004
21.525	-10.112
21.55	-2.528
21.575	14.852
21.6	7.268
21.625	-8.532
21.65	0
21.675	2.528
21.7	0.316
21.725	6.636
21.75	-7.584
21.775	-4.424
21.8	11.692
21.825	-2.212
21.85	-1.58
21.875	8.848
21.9	-2.528
21.925	1.896
21.95	8.532
21.975	1.896
22	7.9
22.025	-0.948
22.05	-5.688
22.075	11.692
22.1	6.004
22.125	-2.212
22.15	4.108
22.175	-6.004
22.2	-7.268
22.225	0.316
22.25	-2.528
22.275	-0.316
22.3	-0.316
22.325	-5.056
22.35	7.268
22.375	6.636
22.4	-5.056
22.425	0
22.45	5.056
22.475	-2.844
22.5	-0.316
22.525	11.376
22.55	2.844
22.575	-4.74
22.6	-0.632
22.625	4.74
22.65	-0.316
22.675	-6.636
22.7	-1.264
22.725	-2.844
22.75	-11.692
22.775	-3.792
22.8	-2.212
22.825	8.848
22.85	10.744
22.875	-10.744
22.9	-3.792
22.925	-4.424
22.95	1.896
22.975	6.32
23	-6.636
23.025	-5.688
23.05	3.476
23.075	7.268
23.1	2.212
23.125	0.316
23.15	-7.268
23.175	-3.16
23.2	12.008
23.225	2.212
23.25	-4.74
23.275	0.316
23.3	6.32
23.325	-2.212
23.35	-12.64
23.375	-0.316
23.4	3.16
23.425	-4.424
23.45	-1.264
23.475	0
23.5	-2.844
23.525	2.212
23.55	-4.74
23.575	-3.792
23.6	-3.792
23.625	2.528
23.65	8.216
23.675	0
23.7	5.688
23.725	9.48
23.75	-15.168
23.775	-17.696
23.8	3.476
23.825	6.636
23.85	2.528
23.875	-4.74
23.9	-2.212
23.925	1.264
23.95	0.632
23.975	3.792
